//First Program 1----5..
#include<stdio.h>
int main()
{
    int a=1;
    while(a<=5)
    {
        printf("%d ",a);
        a++;
    }
    return 0;
}

Output -:
1 2 3 4 5 
----------------------------------------------------------------------------------------------------------------------------------------------------------------------------------------------------------
//Second Program 1----10..
#include<stdio.h>
int main()
{
    int a=1;
    while(a<=10)
    {
        printf("%d ",a);
        a++;
    }
    return 0;
}

Output -:
1 2 3 4 5 6 7 8 9 10
----------------------------------------------------------------------------------------------------------------------------------------------------------------------------------------------------------
//Third Program 45----90..
#include<stdio.h>
int main()
{
    int a=45;
    while(a<=90)
    {
        printf("%d ",a);
        a++;
    }
    return 0;
}

Output -:
45 46 47 48 49 50 51 52 53 54 55 56 57 58 59 60 61 62 63 64 65 66 67 68 69 70 71 72 73 74 75 76 77 78 79 80 81 82 83 84 85 86 87 88 89 90 
----------------------------------------------------------------------------------------------------------------------------------------------------------------------------------------------------------
//Fourth Program 100----500..
#include<stdio.h>
int main()
{
    int a=100;
    while(a<=500)
    {
        printf("%d ",a);
        a++;
    }
    return 0;
}

Output -:
100 101 102 103 104 105 106 107 108 109 110 111 112 113 114 115 116 117 118 119 120 121 122 123 124 125 126 127 128 129 130 131 132 133 134 135 136 137 138 139 140 141 142 143 144 145 146 147 148 149 150 151 152 153 154 155 156 157 158 159 160 161 162 163 164 165 166 167 168 169 170 171 172 173 174 175 176 177 178 179 180 181 182 183 184 185 186 187 188 189 190 191 192 193 194 195 196 197 198 199 200 201 202 203 204 205 206 207 208 209 210 211 212 213 214 215 216 217 218 219 220 221 222 223 224 225 226 227 228 229 230 231 232 233 234 235 236 237 238 239 240 241 242 243 244 245 246 247 248 249 250 251 252 253 254 255 256 257 258 259 260 261 262 263 264 265 266 267 268 269 270 271 272 273 274 275 276 277 278 279 280 281 282 283 284 285 286 287 288 289 290 291 292 293 294 295 296 297 298 299 300 301 302 303 304 305 306 307 308 309 310 311 312 313 314 315 316 317 318 319 320 321 322 323 324 325 326 327 328 329 330 331 332 333 334 335 336 337 338 339 340 341 342 343 344 345 346 347 348 349 350 351 352 353 354 355 356 357 358 359 360 361 362 363 364 365 366 367 368 369 370 371 372 373 374 375 376 377 378 379 380 381 382 383 384 385 386 387 388 389 390 391 392 393 394 395 396 397 398 399 400 401 402 403 404 405 406 407 408 409 410 411 412 413 414 415 416 417 418 419 420 421 422 423 424 425 426 427 428 429 430 431 432 433 434 435 436 437 438 439 440 441 442 443 444 445 446 447 448 449 450 451 452 453 454 455 456 457 458 459 460 461 462 463 464 465 466 467 468 469 470 471 472 473 474 475 476 477 478 479 480 481 482 483 484 485 486 487 488 489 490 491 492 493 494 495 496 497 498 499 500 
----------------------------------------------------------------------------------------------------------------------------------------------------------------------------------------------------------
//Fifth Program 5----1..
#include<stdio.h>
int main()
{
    int a=5;
    while(a>=1)
    {
        printf("%d ",a);
        a--;
    }
    return 0;
}

Output -:
5 4 3 2 1
----------------------------------------------------------------------------------------------------------------------------------------------------------------------------------------------------------
//Sixth Program 10----1..
#include<stdio.h>
int main()
{
    int a=10;
    while(a>=1)
    {
        printf("%d ",a);
        a--;
    }
    return 0;
}

Output -:
10 9 8 7 6 5 4 3 2 1
----------------------------------------------------------------------------------------------------------------------------------------------------------------------------------------------------------
//Seventh Program 67----34..
#include<stdio.h>
int main()
{
    int a=67;
    while(a>=34)
    {
        printf("%d ",a);
        a--;
    }
    return 0;
}

Output -:
67 66 65 64 63 62 61 60 59 58 57 56 55 54 53 52 51 50 49 48 47 46 45 44 43 42 41 40 39 38 37 36 35 34
----------------------------------------------------------------------------------------------------------------------------------------------------------------------------------------------------------
//Eight Program 598----165..
#include<stdio.h>
int main()
{
    int a=598;
    while(a>=165)
    {
        printf("%d ",a);
        a--;
    }
    return 0;
}

Output -:
598 597 596 595 594 593 592 591 590 589 588 587 586 585 584 583 582 581 580 579 578 577 576 575 574 573 572 571 570 569 568 567 566 565 564 563 562 561 560 559 558 557 556 555 554 553 552 551 550 549 548 547 546 545 544 543 542 541 540 539 538 537 536 535 534 533 532 531 530 529 528 527 526 525 524 523 522 521 520 519 518 517 516 515 514 513 512 511 510 509 508 507 506 505 504 503 502 501 500 499 498 497 496 495 494 493 492 491 490 489 488 487 486 485 484 483 482 481 480 479 478 477 476 475 474 473 472 471 470 469 468 467 466 465 464 463 462 461 460 459 458 457 456 455 454 453 452 451 450 449 448 447 446 445 444 443 442 441 440 439 438 437 436 435 434 433 432 431 430 429 428 427 426 425 424 423 422 421 420 419 418 417 416 415 414 413 412 411 410 409 408 407 406 405 404 403 402 401 400 399 398 397 396 395 394 393 392 391 390 389 388 387 386 385 384 383 382 381 380 379 378 377 376 375 374 373 372 371 370 369 368 367 366 365 364 363 362 361 360 359 358 357 356 355 354 353 352 351 350 349 348 347 346 345 344 343 342 341 340 339 338 337 336 335 334 333 332 331 330 329 328 327 326 325 324 323 322 321 320 319 318 317 316 315 314 313 312 311 310 309 308 307 306 305 304 303 302 301 300 299 298 297 296 295 294 293 292 291 290 289 288 287 286 285 284 283 282 281 280 279 278 277 276 275 274 273 272 271 270 269 268 267 266 265 264 263 262 261 260 259 258 257 256 255 254 253 252 251 250 249 248 247 246 245 244 243 242 241 240 239 238 237 236 235 234 233 232 231 230 229 228 227 226 225 224 223 222 221 220 219 218 217 216 215 214 213 212 211 210 209 208 207 206 205 204 203 202 201 200 199 198 197 196 195 194 193 192 191 190 189 188 187 186 185 184 183 182 181 180 179 178 177 176 175 174 173 172 171 170 169 168 167 166 165 
-----------------------------------------------------------------------------------------------------------------------------------------------------------------------------------------------------------------------------------------------------
//Nineth Program 1----5 even number print..
#include<stdio.h>
int main()
{
    int a=1;
    while(a<=5)
    {
        if(a%2==0)
        {
            printf("%d ",a);
        }
        a++;
    }
    return 0;
}

Output -:
2 4
-----------------------------------------------------------------------------------------------------------------------------------------------------------------------------------------------------------------------------------------------------
//Tenth Program 1----10 even number print..
#include<stdio.h>
int main()
{
    int a=1;
    while(a<=10)
    {
        if(a%2==0)
        {
            printf("%d ",a);
        }
        a++;
    }
    return 0;
}

Output -:
2 4 6 8 10
-----------------------------------------------------------------------------------------------------------------------------------------------------------------------------------------------------------------------------------------------------
//Elventh Program 45----90 even number print..
#include<stdio.h>
int main()
{
    int a=45;
    while(a<=90)
    {
        if(a%2==0)
        {
            printf("%d ",a);
        }
        a++;
    }
    return 0;
}

Output -:
46 48 50 52 54 56 58 60 62 64 66 68 70 72 74 76 78 80 82 84 86 88 90
-----------------------------------------------------------------------------------------------------------------------------------------------------------------------------------------------------------------------------------------------------
//twelve Program 100----500 even number print..
#include<stdio.h>
int main()
{
    int a=100;
    while(a<=500)
    {
        if(a%2==0)
        {
            printf("%d ",a);
        }
        a++;
    }
    return 0;
}

Output -:
100 102 104 106 108 110 112 114 116 118 120 122 124 126 128 130 132 134 136 138 140 142 144 146 148 150 152 154 156 158 160 162 164 166 168 170 172 174 176 178 180 182 184 186 188 190 192 194 196 198 200 202 204 206 208 210 212 214 216 218 220 222 224 226 228 230 232 234 236 238 240 242 244 246 248 250 252 254 256 258 260 262 264 266 268 270 272 274 276 278 280 282 284 286 288 290 292 294 296 298 300 302 304 306 308 310 312 314 316 318 320 322 324 326 328 330 332 334 336 338 340 342 344 346 348 350 352 354 356 358 360 362 364 366 368 370 372 374 376 378 380 382 384 386 388 390 392 394 396 398 400 402 404 406 408 410 412 414 416 418 420 422 424 426 428 430 432 434 436 438 440 442 444 446 448 450 452 454 456 458 460 462 464 466 468 470 472 474 476 478 480 482 484 486 488 490 492 494 496 498 500 
-----------------------------------------------------------------------------------------------------------------------------------------------------------------------------------------------------------------------------------------------------
// Thirteen Program 5----1 even number print..
#include<stdio.h>
int main()
{
    int a=5;
    while(a>=1)
    {
        if(a%2==0)
        {
            printf("%d ",a);
        }
        a--;
    }
    return 0;
}

Output -:
4 2
-----------------------------------------------------------------------------------------------------------------------------------------------------------------------------------------------------------------------------------------------------
//Fourteen Program 10----1 even number print..
#include<stdio.h>
int main()
{
    int a=10;
    while(a>=1)
    {
        if(a%2==0)
        {
            printf("%d ",a);
        }
        a--;
    }
    return 0;
}

Output -:
10 8 6 4 2
-----------------------------------------------------------------------------------------------------------------------------------------------------------------------------------------------------------------------------------------------------
//Fifteen Program 67----34 even number print..
#include<stdio.h>
int main()
{
    int a=67;
    while(a>=34)
    {
        if(a%2==0)
        {
            printf("%d ",a);
        }
        a--;
    }
    return 0;
}

Output -:
66 64 62 60 58 56 54 52 50 48 46 44 42 40 38 36 34 
-----------------------------------------------------------------------------------------------------------------------------------------------------------------------------------------------------------------------------------------------------
//Sixteen Program 598----165 even number print..
#include<stdio.h>
int main()
{
    int a=598;
    while(a>=165)
    {
        if(a%2==0)
        {
            printf("%d ",a);
        }
        a--;
    }
    return 0;
}

Output -:
598 596 594 592 590 588 586 584 582 580 578 576 574 572 570 568 566 564 562 560 558 556 554 552 550 548 546 544 542 540 538 536 534 532 530 528 526 524 522 520 518 516 514 512 510 508 506 504 502 500 498 496 494 492 490 488 486 484 482 480 478 476 474 472 470 468 466 464 462 460 458 456 454 452 450 448 446 444 442 440 438 436 434 432 430 428 426 424 422 420 418 416 414 412 410 408 406 404 402 400 398 396 394 392 390 388 386 384 382 380 378 376 374 372 370 368 366 364 362 360 358 356 354 352 350 348 346 344 342 340 338 336 334 332 330 328 326 324 322 320 318 316 314 312 310 308 306 304 302 300 298 296 294 292 290 288 286 284 282 280 278 276 274 272 270 268 266 264 262 260 258 256 254 252 250 248 246 244 242 240 238 236 234 232 230 228 226 224 222 220 218 216 214 212 210 208 206 204 202 200 198 196 194 192 190 188 186 184 182 180 178 176 174 172 170 168 166 
-----------------------------------------------------------------------------------------------------------------------------------------------------------------------------------------------------------------------------------------------------
//Seventeen Program 1----5 odd number print..
#include<stdio.h>
int main()
{
    int a=1;
    while(a<=5)
    {
        if(a%2!=0)
        {
            printf("%d ",a);
        }
        a++;
    }
    return 0;
}

Output -:
1 3 5
-----------------------------------------------------------------------------------------------------------------------------------------------------------------------------------------------------------------------------------------------------
//Eighteen Program 1----10 odd number print..
#include<stdio.h>
int main()
{
    int a=1;
    while(a<=10)
    {
        if(a%2!=0)
        {
            printf("%d ",a);
        }
        a++;
    }
    return 0;
}

Output -:
1 3 5 7 9
-----------------------------------------------------------------------------------------------------------------------------------------------------------------------------------------------------------------------------------------------------
//Nineteen Program 100----500 odd number print..
#include<stdio.h>
int main()
{
    int a=100;
    while(a<=500)
    {
        if(a%2!=0)
        {
            printf("%d ",a);
        }
        a++;
    }
    return 0;
}

Output -:
101 103 105 107 109 111 113 115 117 119 121 123 125 127 129 131 133 135 137 139 141 143 145 147 149 151 153 155 157 159 161 163 165 167 169 171 173 175 177 179 181 183 185 187 189 191 193 195 197 199 201 203 205 207 209 211 213 215 217 219 221 223 225 227 229 231 233 235 237 239 241 243 245 247 249 251 253 255 257 259 261 263 265 267 269 271 273 275 277 279 281 283 285 287 289 291 293 295 297 299 301 303 305 307 309 311 313 315 317 319 321 323 325 327 329 331 333 335 337 339 341 343 345 347 349 351 353 355 357 359 361 363 365 367 369 371 373 375 377 379 381 383 385 387 389 391 393 395 397 399 401 403 405 407 409 411 413 415 417 419 421 423 425 427 429 431 433 435 437 439 441 443 445 447 449 451 453 455 457 459 461 463 465 467 469 471 473 475 477 479 481 483 485 487 489 491 493 495 497 499 
-----------------------------------------------------------------------------------------------------------------------------------------------------------------------------------------------------------------------------------------------------
//Twenty Program 5----1 odd number print..
#include<stdio.h>
int main()
{
    int a=5;
    while(a>=1)
    {
        if(a%2!=0)
        {
            printf("%d ",a);
        }
        a--;
    }
    return 0;
}

Output -:
5 3 1
-----------------------------------------------------------------------------------------------------------------------------------------------------------------------------------------------------------------------------------------------------
//TwentyOne Program 10----1 odd number print..
#include<stdio.h>
int main()
{
    int a=10;
    while(a>=1)
    {
        if(a%2!=0)
        {
            printf("%d ",a);
        }
        a--;
    }
    return 0;
}

Output -:
9 7 5 3 1
-----------------------------------------------------------------------------------------------------------------------------------------------------------------------------------------------------------------------------------------------------
//TwentyTwo Program 67----34 odd number print..
#include<stdio.h>
int main()
{
    int a=67;
    while(a>=)
    {
        if(a%2!=0)
        {
            printf("%d ",a);
        }
        a--;
    }
    return 0;
}

Output -:
67 65 63 61 59 57 55 53 51 49 47 45 43 41 39 37 35 
-----------------------------------------------------------------------------------------------------------------------------------------------------------------------------------------------------------------------------------------------------
//TwentyThree Program 598----165 odd number print..
#include<stdio.h>
int main()
{
    int a=598;
    while(a>=165)
    {
        if(a%2!=0)
        {
            printf("%d ",a);
        }
        a--;
    }
    return 0;
}

Output -:
597 595 593 591 589 587 585 583 581 579 577 575 573 571 569 567 565 563 561 559 557 555 553 551 549 547 545 543 541 539 537 535 533 531 529 527 525 523 521 519 517 515 513 511 509 507 505 503 501 499 497 495 493 491 489 487 485 483 481 479 477 475 473 471 469 467 465 463 461 459 457 455 453 451 449 447 445 443 441 439 437 435 433 431 429 427 425 423 421 419 417 415 413 411 409 407 405 403 401 399 397 395 393 391 389 387 385 383 381 379 377 375 373 371 369 367 365 363 361 359 357 355 353 351 349 347 345 343 341 339 337 335 333 331 329 327 325 323 321 319 317 315 313 311 309 307 305 303 301 299 297 295 293 291 289 287 285 283 281 279 277 275 273 271 269 267 265 263 261 259 257 255 253 251 249 247 245 243 241 239 237 235 233 231 229 227 225 223 221 219 217 215 213 211 209 207 205 203 201 199 197 195 193 191 189 187 185 183 181 179 177 175 173 171 169 167 165 
-----------------------------------------------------------------------------------------------------------------------------------------------------------------------------------------------------------------------------------------------------
//TwentyFour Program..
#include<stdio.h>
int main()
{
    char a;
    printf("Enter any character value: ");
    scanf("%c",&a);
    if(a=='a')
    {
        int b=1;
        while(b<=5)
        {
          printf("%d ",b);
          b++;
        }
    }
    else if(a=='b')
    {
        int c=5;
        while(c>=1)
        {
          printf("%d ",c);
          c--;
        }
    }
    else if(a=='c')
    {
        int d=45;
        while(d<=89)
        {
          if(d%2==0)
          {
           printf("%d ",d);
          }
          d++;
        }
    }
    else if(a=='d')
    {
        int e=78;
        while(e>=34)
        {
          if(e%2!=0)
          {
           printf("%d ",e);
          }
          e--;
        }
    }
    else
    {
        printf("Invaild Character!");
    }
    return 0;
}

Output -:
Enter any character value: c
46 48 50 52 54 56 58 60 62 64 66 68 70 72 74 76 78 80 82 84 86 88 




